function mpc = jilin																									
%JILIN																									
																									
%% MATPOWER Case Format : Version 2																									
mpc.version = '2';																									
																									
%%-----  Power Flow Data  -----%%																									
%% system MVA base																									
mpc.baseMVA = 100;																									
																									
%% bus data																									
%	bus_i	type	Pd	Qd	Gs	Bs	area	Vm	Va	baseKV	zone	Vmax	Vmin												
mpc.bus = [																									
	1	3 85.623016	11.210842	0	0	6	0	0	230	1	1.2	0.8;	%	吉林.明城/220kV.220kV南母线											
	2	1	0	0	0	0	6	0	0	230	1	1.2	0.8;	%	21862										
	3	1	80.306335	17.389191	0	0	6	0	0	230	1	1.2	0.8;	%	吉林.立业/220kV.220kV西母线										
	4	2	0.26	2.151	0	0	6	0	0	230	1	1.2	0.8;	%	吉林.镇赉风场/220kV.220kV母线										
	5	2	0	0	0	0	6	0	0	230	1	1.2	0.8;	%	吉林.黑鱼泡风场/220kV.220KV主母线										
	6	1	-24.04443116	-2.238775	0	0	6	0	0	230	1	1.2	0.8;	%	吉林.长山厂/220kV.220kV南母线										
	7	1	0	0	0	0	6	0	0	15.75	1	1.2	0.8;	%	25201										
	8	2	8.44797	1.700152	0	0	6	0	0	15.75	1	1.2	0.8;	%	吉林.长山厂/15.75kV.#9发电机										
	9	1	-4.17006	8.339011	0	0	6	0	0	525	1	1.2	0.8;	%	吉林.九台厂/500kV.500kVII母线										
	10	2	22.038012	9.398191	0	0	6	0	0	20	1	1.2	0.8;	%	吉林.九台厂/20kV.#1发电机										
	11	2	22.157318	5.2078	0	0	6	0	0	20	1	1.2	0.8;	%	吉林.九台厂/20kV.#2发电机										
	12	1	0	0	0	0	6	0	0	230	1	1.2	0.8;	%	25271										
	13	1	0	0	0	0	6	0	0	230	1	1.2	0.8;	%	25272										
	14	1	0	0	0	0	6	0	0	230	1	1.2	0.8;	%	25274										
	15	1	0	0	0	0	6	0	0	230	1	1.2	0.8;	%	25275										
	16	1	0	0	0	0	6	0	0	230	1	1.2	0.8;	%	25276										
	17	1	81.068291	0.066033	0	0	6	0	0	230	1	1.2	0.8;	%	吉林.金珠/220kV.220kV_东母线										
	18	2	0	0	0	0	6	0	0	230	1	1.2	0.8;	%	吉林.鑫丰风场/220kV.220kV主母线										
	19	1	964.530482	0	0	-1.2	6	0	0	525	1	1.2	0.8;	%	吉林.东丰/500kV.500kVIV母线										
	20	1	0	0	0	0	6	0	0	230	1	1.2	0.8;	%	吉林.东丰/220kV.220kVIV母线										
	21	1	0	0	0	-1.8	6	0	0	66	1	1.2	0.8;	%	吉林.东丰/66kV.66kVIII母线										
	22	1	0	0	0	-0.6	6	0	0	66	1	1.2	0.8;	%	吉林.东丰/66kV.66kVI母线										
	23	1	0	0	0	-1.2	6	0	0	66	1	1.2	0.8;	%	吉林.东丰/66kV.66kVII母线										
	24	1	0	0	0	0	6	0	0	1	1	1.2	0.8;	%	吉林.东丰_mid_1										
	25	1	0	0	0	0	6	0	0	1	1	1.2	0.8;	%	吉林.东丰_mid_2										
	26	1	0	0	0	0	6	0	0	1	1	1.2	0.8;	%	吉林.东丰_mid_3										
	27	1	8.774173005	0	0	0	6	0	0	230	1	1.2	0.8;	%	吉林.梨树/220kV.220kVIV母线										
	28	1	698.4483692	0	0	-4.23	6	0	0	525	1	1.2	0.8;	%	吉林.梨树/500kV.500kVII母线										
	29	1	0	0	0	0	6	0	0	66	1	1.2	0.8;	%	吉林.梨树/66kV.66kVII母线										
	30	1	0	0	0	0	6	0	0	1	1	1.2	0.8;	%	吉林.梨树_mid_1										
	31	1	0.757879	4.756016	0	0	6	0	0	230	1	1.2	0.8;	%	吉林.二道江厂/220kV.220KV北母线										
	32	1	0	0	0	0	6	0	0	1	1	1.2	0.8;	%	吉林.二道江厂_mid_1										
	33	1	0	0	0	0	6	0	0	66	1	1.2	0.8;	%	吉林.二道江厂/66kV.#7主变中压侧等值负荷										
	34	2	0	0	0	0	6	0	0	10.5	1	1.2	0.8;	%	吉林.二道江厂/10.5kV.#7发电机										
	35	2	0	0	0	0	6	0	0	10.5	1	1.2	0.8;	%	吉林.二道江厂/10.5kV.#8发电机										
	36	2	8.344938	1.111903	0	0	6	0	0	15.75	1	1.2	0.8;	%	吉林.二道江厂/15.75kV.#1发电机										
	37	2	7.293596	0.778039	0	0	6	0	0	15.75	1	1.2	0.8;	%	吉林.二道江厂/15.75kV.#2发电机										
	38	1	2.389336	3.645609	0	0	6	0	0	230	1	1.2	0.8;	%	吉林.珲春厂/220kV.220kV旁母线										
	39	1	0	0	0	0	6	0	0	1	1	1.2	0.8;	%	吉林.珲春厂_mid_1										
	40	1	0	0	0	0	6	0	0	1	1	1.2	0.8;	%	吉林.珲春厂_mid_2										
	41	1	8.3883	2.864676	0	0	6	0	0	66	1	1.2	0.8;	%	吉林.珲春厂/66kV.#2主变厂用负荷										
	42	1	8.388412	2.863521	0	0	6	0	0	66	1	1.2	0.8;	%	吉林.珲春厂/66kV.#1主变厂用负荷										
	43	1	0	0	0	0	6	0	0	10.5	1	1.2	0.8;	%	25202										
	44	1	0	0	0	0	6	0	0	10.5	1	1.2	0.8;	%	25203										
	45	2	11.708661	1.446778	0	0	6	0	0	25	1	1.2	0.8;	%	吉林.珲春厂/24kV.#3发电机										
	46	2	11.919333	1.536946	0	0	6	0	0	25	1	1.2	0.8;	%	吉林.珲春厂/24kV.#4发电机										
	47	1	0	0	0	0	6	0	0	230	1	1.2	0.8;	%	吉林.吉林热电厂/220kV.220kV旁母线										
	48	2	6.558706	2.191607	0	0	6	0	0	13.8	1	1.2	0.8;	%	吉林.吉林热电厂/13.8kV.#8发电机										
	49	2	0	0	0	0	6	0	0	13.8	1	1.2	0.8;	%	吉林.吉林热电厂/13.8kV.#9发电机										
	50	2	0	0	0	0	6	0	0	15.75	1	1.2	0.8;	%	吉林.吉林热电厂/15.75kV.#10发电机										
	51	2	9.328322	2.612731	0	0	6	0	0	15.75	1	1.2	0.8;	%	吉林.吉林热电厂/15.75kV.#11发电机										
	52	1	0	0	0	0	6	0	0	230	1	1.2	0.8;	%	吉林.浑江厂/220kV.220kV南母线										
	53	1	7.007517	4.604985	0	0	6	0	0	66	1	1.2	0.8;	%	吉林.浑江厂/66kV.66kV下母线										
	54	1	0	0	0	0	6	0	0	1	1	1.2	0.8;	%	吉林.浑江厂_mid_1										
	55	1	0	0	0	0	6	0	0	1	1	1.2	0.8;	%	吉林.浑江厂_mid_2										
	56	1	0	0	0	0	6	0	0	10.5	1	1.2	0.8;	%	25199										
	57	1	0	0	0	0	6	0	0	10.5	1	1.2	0.8;	%	25200										
	58	2	8.65232	0.940397	0	0	6	0	0	15.75	1	1.2	0.8;	%	吉林.浑江厂/15.75kV.#5发电机										
	59	2	0	0	0	0	6	0	0	15.75	1	1.2	0.8;	%	吉林.浑江厂/15.75kV.#6发电机										
	60	1	3.197384	0.93285	0	0	6	0	0	230	1	1.2	0.8;	%	吉林.双辽厂/220kV.220kVII母线										
	61	1	0	0	0	0	6	0	0	525	1	1.2	0.8;	%	吉林.双辽厂/500kV.500kVI母线										
	62	2	10.937017	12.889963	0	0	6	0	0	20	1	1.2	0.8;	%	吉林.双辽厂/20kV.#3发电机										
	63	2	15.273577	2.530304	0	0	6	0	0	20	1	1.2	0.8;	%	吉林.双辽厂/20kV.#1发电机										
	64	2	0	0	0	0	6	0	0	20	1	1.2	0.8;	%	吉林.双辽厂/20kV.#2发电机										
	65	2	0	0	0	0	6	0	0	20	1	1.2	0.8;	%	吉林.双辽厂/20kV.#4发电机										
	66	1	1.934099	1.634911	0	0	6	0	0	230	1	1.2	0.8;	%	吉林.长春二热厂/220kV.220KVII母线										
	67	1	1.904523	2.601598	0	0	6	0	0	230	1	1.2	0.8;	%	吉林.长春二热厂/220kV.220KVIV母线										
	68	2	0	0	0	0	6	0	0	15.75	1	1.2	0.8;	%	吉林.长春二热厂/15.75kV.#6发电机										
	69	2	8.63798	1.987788	0	0	6	0	0	15.75	1	1.2	0.8;	%	吉林.长春二热厂/15.75kV.#5发电机										
	70	2	0	0	0	0	6	0	0	15.75	1	1.2	0.8;	%	吉林.长春二热厂/15.75kV.#1发电机										
	71	2	7.21267	4.863002	0	0	6	0	0	15.75	1	1.2	0.8;	%	吉林.长春二热厂/15.75kV.#2发电机										
	72	2	7.848877	3.65289	0	0	6	0	0	15.75	1	1.2	0.8;	%	吉林.长春二热厂/15.75kV.#3发电机										
	73	2	8.568773	2.030319	0	0	6	0	0	15.75	1	1.2	0.8;	%	吉林.长春二热厂/15.75kV.#4发电机										
	74	1	0	0	0	0	6	0	0	66	1	1.2	0.8;	%	吉林.四平热电厂/66kV.66kV北母线										
	75	1	0.433636	3.83043	0	0	6	0	0	230	1	1.2	0.8;	%	吉林.四平热电厂/220kV.220kVII母线										
	76	1	0	0	0	0	6	0	0	230	1	1.2	0.8;	%	吉林.四平热电厂/220kV.220kV虚拟母线										
	77	1	0	0	0	0	6	0	0	1	1	1.2	0.8;	%	吉林.四平热电厂_mid_1										
	78	2	5.29779	1.91389	0	0	6	0	0	10.5	1	1.2	0.8;	%	吉林.四平热电厂/10.5kV.#3发电机										
	79	2	0	0	0	0	6	0	0	10.5	1	1.2	0.8;	%	吉林.四平热电厂/10.5kV.#2发电机										
	80	2	0	0	0	0	6	0	0	10.5	1	1.2	0.8;	%	吉林.四平热电厂/10.5kV.#1发电机										
	81	2	11.621614	1.760071	0	0	6	0	0	20	1	1.2	0.8;	%	吉林.四平热电厂/20kV.#4发电机										
	82	1	1.205733	2.2344	0	0	6	0	0	230	1	1.2	0.8;	%	吉林.白山水厂/220kV.220kVII母西线										
	83	1	0	0	0	0	6	0	0	230	1	1.2	0.8;	%	21797										
	84	1	0	0	0	0	6	0	0	230	1	1.2	0.8;	%	吉林.白山水厂/220kV.启备变2-高等值负荷										
	85	1	0	0	0	0	6	0	0	230	1	1.2	0.8;	%	21327										
	86	2	0	0	0	0	6	0	0	18	1	1.2	0.8;	%	吉林.白山水厂/18kV.#6机抽蓄										
	87	2	0	0	0	0	6	0	0	18	1	1.2	0.8;	%	吉林.白山水厂/18kV.#7机抽蓄										
	88	2	0	0	0	0	6	0	0	18	1	1.2	0.8;	%	吉林.白山水厂/18kV.#1发电机										
	89	2	0	0	0	0	6	0	0	18	1	1.2	0.8;	%	吉林.白山水厂/18kV.#2发电机										
	90	2	0	0	0	0	6	0	0	18	1	1.2	0.8;	%	吉林.白山水厂/18kV.#3发电机										
	91	2	0	0	0	0	6	0	0	18	1	1.2	0.8;	%	吉林.白山水厂/18kV.#4发电机										
	92	2	0	0	0	0	6	0	0	18	1	1.2	0.8;	%	吉林.白山水厂/18kV.#5发电机										
	93	1	0	0	0	0	6	0	0	230	1	1.2	0.8;	%	吉林.通化/220kV.220kV_IV母线										
	94	1	0	0	0	-1.2	6	0	0	525	1	1.2	0.8;	%	吉林.通化/500kV.500kV_II母线										
	95	1	0	0	0	-0.6	6	0	0	66	1	1.2	0.8;	%	吉林.通化/66kV.#2主变星角母线										
	96	1	0	0	0	-0.6	6	0	0	66	1	1.2	0.8;	%	吉林.通化/66kV.66kV_I母线										
	97	1	0	0	0	0	6	0	0	1	1	1.2	0.8;	%	吉林.通化_mid_1										
	98	1	0	0	0	0	6	0	0	1	1	1.2	0.8;	%	吉林.通化_mid_2										
	99	1	30.08849	11.960938	0	0	6	0	0	230	1	1.2	0.8;	%	吉林.和龙/220kV.220kV西母线										
	100	1	4.290843	7.438225	0	0	6	0	0	230	1	1.2	0.8;	%	吉林.白山热电厂/220kV.220kV北母线										
	101	2	0	0	0	0	6	0	0	10.5	1	1.2	0.8;	%	吉林.白山热电厂/10.5kV.#2发电机										
	102	2	11.569562	1.268235	0	0	6	0	0	10.5	1	1.2	0.8;	%	吉林.白山热电厂/10.5kV.#1发电机										
	103	1	70.152267	31.742207	0	0	6	0	0	230	1	1.2	0.8;	%	吉林.白云220kV主母频率/220kV.220kV主母线										
