% Model of a simple district heating network											
% picked up from "Integrated Optimal Power Flow For Electric Power And Heat in a Microgrid"											
function model = heatmodel											
											
% pipe											
model.pipe = [											
	% from_node	to_node	length(m)	diameter(m)	roughness	conductivity	Mmin	Mmax	flowrate(kg/h) should be kg/s	tbsin	tbrin
	1	2	3500	0.8	0.0005	0.12	0	Inf	265.8467018	90	45.03197895
	2	3	1750	0.8	0.0005	0.12	0	Inf	241.4052388	89.95111003	45.07042203
	3	4	1750	0.8	0.0005	0.12	0	Inf	143.5831332	89.92419727	44.99999982
	2	5	1750	0.8	0.0005	0.12	0	Inf	24.44146301	89.95111003	44.99999951
	3	6	750	0.8	0.0005	0.12	0	Inf	97.82210554	89.92419727	45.23589572
];											
											
% node											
model.node = [											
	% node	load(kJ)	Tsmin	Tsmax	Trmin	Trmax	Prmin	Prmax	Plmin		
	1	0	70	90	30	50	-Inf	Inf	50000		
	2	0	70	90	30	90	-Inf	Inf	50000		
	3	0	70	90	30	90	-Inf	Inf	50000		
	4	47.2	70	90	30	90	-Inf	Inf	50000		
	5	8	70	90	30	90	-Inf	Inf	50000		
	6	32	70	90	30	90	-Inf	Inf	50000		
];											
											
% combined heat and power									
model.chp = [									
	% plant	Pmin	Pmax	Hmin	Hmax	efficiency	Mmin	Mmax	Gen
	1	0	Inf	0	Inf	1	0	Inf	3
	1	0	Inf	0	Inf	1	0	Inf	5
];									
									
% CHP plant											
model.chpplant = [											
	% no	node									
	1	1									
];											
											
% pump											
model.pump = [											
	% node	Pmin	Pmax	efficiency	Mmin	Mmax					
	1	0	2	0.8	0	Inf					
];											
											
% feasible operating region of CHP									
model.chppt = [									
	% npt	p1	h1	p2	h2	p3	h3	p4	h4
	4	40	0	38	20.96	63	40	69.4	0
	4	40	0	18	20.96	63	40	69.4	0
];									
											
model.chpcost = [											
	% h1	h2	h*p								
	0.06002	0.0027	0.00409								
	0.06002	0.0027	0.00409			
];					
											
model.load = [											
50											
50											
48.06451613											
49.03225806											
49.03225806											
49.03225806											
48.06451613											
47.09677419											
45.16129032											
44.19354839											
43.22580645											
42.25806452											
41.29032258											
41.29032258											
41.29032258											
42.25806452											
43.22580645											
44.19354839											
44.19354839											
44.19354839											
45.16129032											
46.12903226											
47.09677419											
47.09677419											
50											
50											
48.06451613											
49.03225806											
49.03225806											
49.03225806											
48.06451613											
47.09677419											
45.16129032											
44.19354839											
43.22580645											
42.25806452											
41.29032258											
41.29032258											
41.29032258											
42.25806452											
43.22580645											
44.19354839											
44.19354839											
44.19354839											
45.16129032											
46.12903226											
47.09677419											
47.09677419											
50											
50											
48.06451613											
49.03225806											
49.03225806											
49.03225806											
48.06451613											
47.09677419											
45.16129032											
44.19354839											
43.22580645											
42.25806452											
41.29032258											
41.29032258											
41.29032258											
42.25806452											
43.22580645											
44.19354839											
44.19354839											
44.19354839											
45.16129032											
46.12903226											
47.09677419											
47.09677419											
50											
50											
48.06451613											
49.03225806											
49.03225806											
49.03225806											
48.06451613											
47.09677419											
45.16129032											
44.19354839											
43.22580645											
42.25806452											
41.29032258											
41.29032258											
41.29032258											
42.25806452											
43.22580645											
44.19354839											
44.19354839											
44.19354839											
45.16129032											
46.12903226											
47.09677419											
47.09677419											
];											
											
% outdoor temperature											
model.t0 = [											
	-10										
	-10										
	-8.838709678										
	-9.419354836										
	-9.419354836										
	-9.419354836										
	-8.838709678										
	-8.258064514										
	-7.096774192										
	-6.516129034										
	-5.93548387										
	-5.354838712										
	-4.774193548										
	-4.774193548										
	-4.774193548										
	-5.354838712										
	-5.93548387										
	-6.516129034										
	-6.516129034										
	-6.516129034										
	-7.096774192										
	-7.677419356										
	-8.258064514										
	-8.258064514										
		-10										
	-10										
	-8.838709678										
	-9.419354836										
	-9.419354836										
	-9.419354836										
	-8.838709678										
	-8.258064514										
	-7.096774192										
	-6.516129034										
	-5.93548387										
	-5.354838712										
	-4.774193548										
	-4.774193548										
	-4.774193548										
	-5.354838712										
	-5.93548387										
	-6.516129034										
	-6.516129034										
	-6.516129034										
	-7.096774192										
	-7.677419356										
	-8.258064514										
	-8.258064514										
		-10										
	-10										
	-8.838709678										
	-9.419354836										
	-9.419354836										
	-9.419354836										
	-8.838709678										
	-8.258064514										
	-7.096774192										
	-6.516129034										
	-5.93548387										
	-5.354838712										
	-4.774193548										
	-4.774193548										
	-4.774193548										
	-5.354838712										
	-5.93548387										
	-6.516129034										
	-6.516129034										
	-6.516129034										
	-7.096774192										
	-7.677419356										
	-8.258064514										
	-8.258064514										
		-10										
	-10										
	-8.838709678										
	-9.419354836										
	-9.419354836										
	-9.419354836										
	-8.838709678										
	-8.258064514										
	-7.096774192										
	-6.516129034										
	-5.93548387										
	-5.354838712										
	-4.774193548										
	-4.774193548										
	-4.774193548										
	-5.354838712										
	-5.93548387										
	-6.516129034										
	-6.516129034										
	-6.516129034										
	-7.096774192										
	-7.677419356										
	-8.258064514										
	-8.258064514										
];											
											
model.water_c = 4.2e3; % (J*kg^(-1)*K^(-1))											
model.water_dens = 1e3; %(kg*m^(-3))											
model.base	=	1e6;	%	base	value	of					
