% Model of a real district heating system											
% picked up from ""Simple models for operational optimization"""											
function model = heatmodel											
											
% node											
model.node = [											
	% node	load(kJ)	Tsmin	Tsmax	Trmin	Trmax	Prmin	Prmax	Plmin		NodeName
	1	0	100	120	60	70	-Inf	Inf	50000.00 	%	Plant
	2	0.008	100	120	60	70	-Inf	Inf	50000.00 	%	I13
	3	0.298	100	120	60	70	-Inf	Inf	50000.00 	%	I79
	4	0	100	120	60	70	-Inf	Inf	50000.00 	%	K1
	5	0	100	120	60	70	-Inf	Inf	50000.00 	%	K11
	6	0	100	120	60	70	-Inf	Inf	50000.00 	%	K12
	7	0	100	120	60	70	-Inf	Inf	50000.00 	%	K2
	8	0	100	120	60	70	-Inf	Inf	50000.00 	%	K21
	9	0	100	120	60	70	-Inf	Inf	50000.00 	%	K3
	10	0	100	120	60	70	-Inf	Inf	50000.00 	%	K31
	11	0	100	120	60	70	-Inf	Inf	50000.00 	%	K32
	12	0	100	120	60	70	-Inf	Inf	50000.00 	%	K33
	13	0	100	120	60	70	-Inf	Inf	50000.00 	%	K34
	14	0	100	120	60	70	-Inf	Inf	50000.00 	%	K35
	15	0	100	120	60	70	-Inf	Inf	50000.00 	%	K36
	16	0	100	120	60	70	-Inf	Inf	50000.00 	%	K37
	17	0	100	120	60	70	-Inf	Inf	50000.00 	%	K4
	18	0	100	120	60	70	-Inf	Inf	50000.00 	%	K41
	19	0	100	120	60	70	-Inf	Inf	50000.00 	%	K42
	20	0	100	120	60	70	-Inf	Inf	50000.00 	%	K5
	21	0	100	120	60	70	-Inf	Inf	50000.00 	%	K6
	22	0	100	120	60	70	-Inf	Inf	50000.00 	%	K7
	23	0	100	120	60	70	-Inf	Inf	50000.00 	%	K8
	24	0	100	120	60	70	-Inf	Inf	50000.00 	%	K9
	25	1.404	100	120	60	70	-Inf	Inf	50000.00 	%	V01
	26	1.112	100	120	60	70	-Inf	Inf	50000.00 	%	V02
	27	6.736	100	120	60	70	-Inf	Inf	50000.00 	%	V03
	28	2.205	100	120	60	70	-Inf	Inf	50000.00 	%	V04
	29	0.611	100	120	60	70	-Inf	Inf	50000.00 	%	V05
	30	2.628	100	120	60	70	-Inf	Inf	50000.00 	%	V07
	31	1.787	100	120	60	70	-Inf	Inf	50000.00 	%	V08
	32	0.203	100	120	60	70	-Inf	Inf	50000.00 	%	V09
	33	0.315	100	120	60	70	-Inf	Inf	50000.00 	%	V10
	34	0.045	100	120	60	70	-Inf	Inf	50000.00 	%	V11
	35	0.075	100	120	60	70	-Inf	Inf	50000.00 	%	V11A
	36	0.309	100	120	60	70	-Inf	Inf	50000.00 	%	V12
	37	0.378	100	120	60	70	-Inf	Inf	50000.00 	%	V13
	38	0.416	100	120	60	70	-Inf	Inf	50000.00 	%	V14
	39	0.378	100	120	60	70	-Inf	Inf	50000.00 	%	V15
	40	0.1	100	120	60	70	-Inf	Inf	50000.00 	%	V17
	41	0.039	100	120	60	70	-Inf	Inf	50000.00 	%	V18
	42	0.113	100	120	60	70	-Inf	Inf	50000.00 	%	V20
	43	0.556	100	120	60	70	-Inf	Inf	50000.00 	%	V39
	44	0.335	100	120	60	70	-Inf	Inf	50000.00 	%	V61
	45	0.441	100	120	60	70	-Inf	Inf	50000.00 	%	V62
];											

% pipe											
model.pipe = [											
	% from_node	to_node	length(m)	diameter(m)	roughness	conductivity	Mmin	Mmax		Name	
	1	4	215.4	0.3444	0.0005	0.5114	0	Inf	%	1-K1	
	4	7	1817.4	0.3127	0.0005	0.5242	0	Inf	%	K1-K2	
	4	43	1185.9	0.1603	0.0005	0.2829	0	Inf	%	K1-V39	
	7	5	705.6	0.3127	0.0005	0.5242	0	Inf	%	K2-K11	
	5	27	41.7	0.3127	0.0005	0.5242	0	Inf	%	K11-V03	
	5	6	2522.1	0.1847	0.0005	0.3562	0	Inf	%	K11-K12	
	6	25	293.1	0.1847	0.0005	0.3562	0	Inf	%	K12-V01	
	7	9	1807.2	0.3127	0.0005	0.5242	0	Inf	%	K2-K3	
	9	8	451.5	0.3127	0.0005	0.5242	0	Inf	%	K3-K21	
	9	17	143.4	0.263	0.0005	0.4535	0	Inf	%	K3-K4	
	17	10	419.4	0.1847	0.0005	0.3562	0	Inf	%	K4-K31	
	10	11	463.2	0.1603	0.0005	0.3414	0	Inf	%	K31-K32	
	11	12	348	0.1325	0.0005	0.3001	0	Inf	%	K32-K33	
	12	13	309.3	0.1325	0.0005	0.3001	0	Inf	%	K33-K34	
	13	14	102.9	0.1008	0.0005	0.2403	0	Inf	%	K34-K35	
	15	2	19.5	0.0428	0.0005	0.1863	0	Inf	%	K36-I13	
	14	15	132.9	0.0702	0.0005	0.2366	0	Inf	%	K35-K36	
	14	16	450	0.1008	0.0005	0.2403	0	Inf	%	K35-K37	
	16	42	387.3	0.0826	0.0005	0.2493	0	Inf	%	K37-V20	
	17	20	682.8	0.263	0.0005	0.4535	0	Inf	%	K4-K5	
	20	18	169.5	0.1847	0.0005	0.3562	0	Inf	%	K5-K41	
	18	31	50.1	0.1847	0.0005	0.3562	0	Inf	%	K41-V08	
	18	19	959.1	0.1847	0.0005	0.3562	0	Inf	%	K41-K42	
	19	30	44.7	0.1847	0.0005	0.3562	0	Inf	%	K42-V07	
	20	21	332.4	0.1258	0.0005	0.2785	0	Inf	%	K5-K6	
	21	22	649.5	0.1258	0.0005	0.2785	0	Inf	%	K6-K7	
	21	3	234.3	0.0826	0.0005	0.2188	0	Inf	%	K6-I79	
	22	23	463.8	0.1008	0.0005	0.2403	0	Inf	%	K7-K8	
	22	37	50.4	0.0826	0.0005	0.2188	0	Inf	%	K7-V13	
	23	24	969	0.0702	0.0005	0.2846	0	Inf	%	K8-K9	
	24	34	45.3	0.0702	0.0005	0.2846	0	Inf	%	K9-V11	
	24	35	510.3	0.0702	0.0005	0.2846	0	Inf	%	K9-V11A	
	8	26	248.4	0.2101	0.0005	0.3632	0	Inf	%	K21-V02	
	6	28	1776	0.1847	0.0005	0.3562	0	Inf	%	K12-V04	
	19	32	1311.3	0.0826	0.0005	0.2188	0	Inf	%	K42-V09	
	15	33	79.2	0.0702	0.0005	0.2366	0	Inf	%	K36-V10	
	13	36	83.1	0.1008	0.0005	0.2403	0	Inf	%	K34-V12	
	16	38	192.9	0.1008	0.0005	0.2403	0	Inf	%	K37-V14	
	6	39	1146.3	0.1008	0.0005	0.2403	0	Inf	%	K12-V15	
	12	40	1322.1	0.1325	0.0005	0.3583	0	Inf	%	K33-V17	
	8	41	968.7	0.1068	0.0005	0.2587	0	Inf	%	K21-V18	
	11	44	119.4	0.1603	0.0005	0.3414	0	Inf	%	K32-V61	
	10	45	402.3	0.1068	0.0005	0.2587	0	Inf	%	K31-V62	
	23	29	216	0.1008	0.0005	0.2403	0	Inf	%	K8-V05	
];											
											
% combined heat and power											
model.chp = [											
	% node	Pmin	Pmax	Hmin	Hmax	efficiency	Mmin	Mmax	Gen		
	1	0	Inf	0	Inf	1	0	Inf	3		
];											
											
% pump											
model.pump = [											
	% node	Pmin	Pmax	efficiency	Mmin	Mmax					
	1	0	Inf	0.8	0	Inf					
];											
											
model.chpcost = [											
	% startup	shutdown	order	p1	p2	p3					
	0	0	1	1	0	0					
];											
											
model.pumpcost = [											
	% startup	shutdown	order	p1	p2	p3					
	0	0	1	1	0	0					
];											
											
model.load = [											
63.738
63.738
61.75490322
62.74645161
62.74645161
62.74645161
61.75490322
60.76335483
58.78025805
57.78870969
56.7971613
55.80561291
54.81406452
54.81406452
54.81406452
55.80561291
56.7971613
57.78870969
57.78870969
57.78870969
58.78025805
59.77180644
60.76335483
60.76335483
];											
											
% outdoor temperature											
model.t0 = [											
	-10										
	-10										
	-10										
	-10										
	-10										
	-10										
	-10										
	-10										
	-10										
	-10										
	-10										
	-10										
	-10										
	-10										
	-10										
	-10										
	-10										
	-10										
	-10										
	-10										
	-10										
	-10										
	-10										
	-10										
];											
											
model.water_c = 4.2e3; % (J*kg^(-1)*K^(-1))											
model.water_dens = 1e3; %(kg*m^(-3))											
model.base = 1e6; % base value of power (W)											
