% Model of a simple district heating network											
function model = heatcase_jilin2_revised											
											
% pipe											
model.pipe = [											
	% from_node	to_node	length(m)	diameter(m)	roughness	conductivity	Mmin	Mmax	flowrate(kg/h)	tbsin	tbrin
	% іӨҙәИИөз¶юі§										
	1	2	1166.666667	1.1	0.0005	0.12	0	Inf	1727.460552	120	75.00162073
	2	3	583.3333333	1.1	0.0005	0.12	0	Inf	1568.964224	119.9975181	75.00356974
	3	4	583.3333333	1.1	0.0005	0.12	0	Inf	934.940181	119.9961518	74.99999926
	2	5	583.3333333	0.8	0.0005	0.12	0	Inf	158.4963287	119.9975181	74.99999941
	3	6	250	0.8	0.0005	0.12	0	Inf	634.0240426	119.9961518	75.01199147
	4	7	583.3333333	1.1	0.0005	0.12	0	Inf	776.4730636	119.9938592	74.99999947
	4	8	250	0.8	0.0005	0.12	0	Inf	158.4671174	119.9938592	75.0126199
	% іӨҙәИИөзТ»і§										
	9	10	1166.666667	1.1	0.0005	0.12	0	Inf	1727.460513	120	75.00162073
	10	11	583.3333333	1.1	0.0005	0.12	0	Inf	1568.964188	119.9975193	75.00356953
	11	12	583.3333333	1.1	0.0005	0.12	0	Inf	934.9401596	119.996153	74.99999926
	10	13	583.3333333	0.8	0.0005	0.12	0	Inf	158.4963252	119.9975193	75.00000155
	11	14	250	0.8	0.0005	0.12	0	Inf	634.0240276	119.996153	75.01199094
	12	15	583.3333333	1.1	0.0005	0.12	0	Inf	776.4730446	119.9938604	74.99999933
	12	16	250	0.8	0.0005	0.12	0	Inf	158.467115	119.9938604	75.01262059
	% іӨҙәИИөзЛДі§										
	17	18	1166.666667	1.1	0.0005	0.12	0	Inf	1727.460513	120	75.00162073
	18	19	583.3333333	1.1	0.0005	0.12	0	Inf	1568.964188	119.9975193	75.00356962
	19	20	583.3333333	1.1	0.0005	0.12	0	Inf	934.9401596	119.996153	74.99999926
	18	21	583.3333333	0.8	0.0005	0.12	0	Inf	158.4963252	119.9975193	75.00000063
	19	22	250	0.8	0.0005	0.12	0	Inf	634.0240278	119.996153	75.01199117
	20	23	583.3333333	1.1	0.0005	0.12	0	Inf	776.4730452	119.9938604	74.99999933
	20	24	250	0.8	0.0005	0.12	0	Inf	158.4671145	119.9938604	75.01262058
	% јӘБЦИИөзі§										
	25	26	1166.666667	1.1	0.0005	0.12	0	Inf	1727.460516	120	75.00162073
	26	27	583.3333333	1.1	0.0005	0.12	0	Inf	1568.964192	119.9975193	75.00356975
	27	28	583.3333333	1.1	0.0005	0.12	0	Inf	934.9401598	119.996153	74.99999926
	26	29	583.3333333	0.8	0.0005	0.12	0	Inf	158.4963234	119.9975193	74.99999932
	27	30	250	0.8	0.0005	0.12	0	Inf	634.0240324	119.996153	75.0119915
	28	31	583.3333333	1.1	0.0005	0.12	0	Inf	776.4730552	119.9938604	75.00257567
	28	32	250	0.8	0.0005	0.12	0	Inf	158.4671045	119.9938604	74.99999988
	% °ЧЙҪИИөзі§										
	33	34	1166.666667	1.1	0.0005	0.12	0	Inf	1727.460512	120	75.00162073
	34	35	583.3333333	1.1	0.0005	0.12	0	Inf	1568.964183	119.9975193	75.00356914
	35	36	583.3333333	1.1	0.0005	0.12	0	Inf	934.9401606	119.996153	74.99999926
	34	37	583.3333333	0.8	0.0005	0.12	0	Inf	158.4963288	119.9975193	75.0000054
	35	38	250	0.8	0.0005	0.12	0	Inf	634.0240222	119.996153	75.01198997
	36	39	583.3333333	1.1	0.0005	0.12	0	Inf	776.4730192	119.9938604	74.99999933
	36	40	250	0.8	0.0005	0.12	0	Inf	158.4671417	119.9938604	75.0126206
];											
											
% node											
model.node = [											
	% node	load(kJ)	Tsmin	Tsmax	Trmin	Trmax	Prmin	Prmax	Plmin		
	% іӨҙәИИөз¶юі§										
	1	0	110	120	60	80	-Inf	Inf	50000		
	2	0	110	120	60	80	-Inf	Inf	50000		
	3	0	110	120	60	80	-Inf	Inf	50000		
	4	0	110	120	60	80	-Inf	Inf	50000		
	5	8	110	120	60	80	-Inf	Inf	50000		
	6	32	110	120	60	80	-Inf	Inf	50000		
	7	39.2	110	120	60	80	-Inf	Inf	50000		
	8	8	110	120	60	80	-Inf	Inf	50000		
	% іӨҙәИИөзТ»і§										
	9	0	110	120	60	80	-Inf	Inf	50000		
	10	0	110	120	60	80	-Inf	Inf	50000		
	11	0	110	120	60	80	-Inf	Inf	50000		
	12	0	110	120	60	80	-Inf	Inf	50000		
	13	8	110	120	60	80	-Inf	Inf	50000		
	14	32	110	120	60	80	-Inf	Inf	50000		
	15	39.2	110	120	60	80	-Inf	Inf	50000		
	16	8	110	120	60	80	-Inf	Inf	50000		
	% іӨҙәИИөзЛДі§										
	17	0	110	120	60	80	-Inf	Inf	50000		
	18	0	110	120	60	80	-Inf	Inf	50000		
	19	0	110	120	60	80	-Inf	Inf	50000		
	20	0	110	120	60	80	-Inf	Inf	50000		
	21	8	110	120	60	80	-Inf	Inf	50000		
	22	32	110	120	60	80	-Inf	Inf	50000		
	23	39.2	110	120	60	80	-Inf	Inf	50000		
	24	8	110	120	60	80	-Inf	Inf	50000		
	% јӘБЦИИөзі§										
	25	0	110	120	60	80	-Inf	Inf	50000		
	26	0	110	120	60	80	-Inf	Inf	50000		
	27	0	110	120	60	80	-Inf	Inf	50000		
	28	0	110	120	60	80	-Inf	Inf	50000		
	29	8	110	120	60	80	-Inf	Inf	50000		
	30	32	110	120	60	80	-Inf	Inf	50000		
	31	39.2	110	120	60	80	-Inf	Inf	50000		
	32	8	110	120	60	80	-Inf	Inf	50000		
	% °ЧЙҪИИөзі§										
	33	0	110	120	60	80	-Inf	Inf	50000		
	34	0	110	120	60	80	-Inf	Inf	50000		
	35	0	110	120	60	80	-Inf	Inf	50000		
	36	0	110	120	60	80	-Inf	Inf	50000		
	37	8	110	120	60	80	-Inf	Inf	50000		
	38	32	110	120	60	80	-Inf	Inf	50000		
	39	39.2	110	120	60	80	-Inf	Inf	50000		
	40	8	110	120	60	80	-Inf	Inf	50000		
];											
											
% combined heat and power											
model.chp = [											
	% node	Pmin	Pmax	Hmin	Hmax	efficiency	Mmin	Mmax	Gen		
	% іӨҙәИИөз¶юі§										
	1	0	Inf	0	Inf	1	0	Inf	18		
	1	0	Inf	0	Inf	1	0	Inf	19		
	% іӨҙәИИөзТ»і§										
	2	0	Inf	0	Inf	1	0	Inf	68		
	2	0	Inf	0	Inf	1	0	Inf	69		
	% іӨҙәИИөзЛДі§										
	3	0	Inf	0	Inf	1	0	Inf	59		
	3	0	Inf	0	Inf	1	0	Inf	60		
	% јӘБЦИИөзі§										
	4	0	Inf	0	Inf	1	0	Inf	10		
	4	0	Inf	0	Inf	1	0	Inf	11		
	% °ЧЙҪИИөзі§										
	5	0	Inf	0	Inf	1	0	Inf	28		
	5	0	Inf	0	Inf	1	0	Inf	29		
	% іӨҙәИИөз¶юі§										
	1	0	Inf	0	Inf	1	0	Inf	122		
	1	0	Inf	0	Inf	1	0	Inf	123		
	% іӨҙәИИөзТ»і§										
	2	0	Inf	0	Inf	1	0	Inf	172		
	2	0	Inf	0	Inf	1	0	Inf	173		
	% іӨҙәИИөзЛДі§										
	3	0	Inf	0	Inf	1	0	Inf	163		
	3	0	Inf	0	Inf	1	0	Inf	164		
	% јӘБЦИИөзі§										
	4	0	Inf	0	Inf	1	0	Inf	114		
	4	0	Inf	0	Inf	1	0	Inf	115		
	% °ЧЙҪИИөзі§										
	5	0	Inf	0	Inf	1	0	Inf	132		
	5	0	Inf	0	Inf	1	0	Inf	133		
];											
											
% CHP plant											
model.chpplant = [											
	% no	node									
	% іӨҙәИИөз¶юі§										
	1	1									
	% іӨҙәИИөзТ»і§										
	2	9									
	% іӨҙәИИөзЛДі§										
	3	17									
	% јӘБЦИИөзі§										
	4	25									
	% °ЧЙҪИИөзі§										
	5	33									
];											
			
model.chppt = [											
	% npt	p1	h1	p2	h2	p3	h3	p4	h4		
	% іӨҙәИИөз¶юі§										
	4	245.9173871	0	233.3333333	193.2910663	386.6666667	368.8760807	426.6666667	0		
	4	245.9173871	0	233.3333333	193.2910663	386.6666667	368.8760807	426.6666667	0		
	% іӨҙәИИөзТ»і§										
	4	121.037464	0	120	95.13544669	186.6666667	210	200	0		
	4	121.037464	0	120	95.13544669	186.6666667	210	200	0		
	% іӨҙәИИөзЛДі§										
	4	115.2737752	0	106.6666667	90.60518732	173.3333333	210	200	0		
	4	115.2737752	0	106.6666667	90.60518732	173.3333333	210	200	0		
	% јӘБЦИИөзі§										
	4	136.4073007	0	120	107.2161383	213.3333333	210	226.6666667	0		
	4	136.4073007	0	120	107.2161383	213.3333333	210	226.6666667	0		
	% °ЧЙҪИИөзі§										
	4	253.6023055	0	240	199.3314121	400	380.4034582	440	0		
	4	253.6023055	0	240	199.3314121	400	380.4034582	440	0		
	% іӨҙәИИөз¶юі§										
	4	245.9173871	0	233.3333333	193.2910663	386.6666667	368.8760807	426.6666667	0		
	4	245.9173871	0	233.3333333	193.2910663	386.6666667	368.8760807	426.6666667	0		
	% іӨҙәИИөзТ»і§										
	4	121.037464	0	120	95.13544669	186.6666667	210	200	0		
	4	121.037464	0	120	95.13544669	186.6666667	210	200	0		
	% іӨҙәИИөзЛДі§										
	4	115.2737752	0	106.6666667	90.60518732	173.3333333	210	200	0		
	4	115.2737752	0	106.6666667	90.60518732	173.3333333	210	200	0		
	% јӘБЦИИөзі§										
	4	136.4073007	0	120	107.2161383	213.3333333	210	226.6666667	0		
	4	136.4073007	0	120	107.2161383	213.3333333	210	226.6666667	0		
	% °ЧЙҪИИөзі§										
	4	253.6023055	0	240	199.3314121	400	380.4034582	440	0		
	4	253.6023055	0	240	199.3314121	400	380.4034582	440	0		
];											
% model.chppt(:, [3:2:9]) = 1.5*model.chppt(:, [3:2:9]);  %adjust heat only
model.chppt(:, 2:9) = 1.5*model.chppt(:, 2:9);

											
